(1, 16)

Time: 0.000001
(1, 24)

Time: 0.000001
(1, 32)

Time: 0.000004
(1, 40)

Time: 0.000002
(1, 48)

Time: 0.000003
(1, 56)

Time: 0.000004
(1, 64)

Time: 0.000005
(1, 72)

Time: 0.000005
(1, 80)

Time: 0.000015
(1, 88)

Time: 0.000007
(1, 96)

Time: 0.000015
(1, 104)

Time: 0.000009
(2, 16)

Time: 0.000003
(2, 24)

Time: 0.000004
(2, 32)

Time: 0.000002
(2, 40)

Time: 0.000003
(2, 48)

Time: 0.000007
(2, 56)

Time: 0.000003
(2, 64)

Time: 0.000008
(2, 72)

Time: 0.000009
(2, 80)

Time: 0.000010
(2, 88)

Time: 0.000005
(2, 96)

Time: 0.000012
(2, 104)

Time: 0.000006
(4, 16)

Time: 0.000003
(4, 24)

Time: 0.000006
(4, 32)

Time: 0.000003
(4, 40)

Time: 0.000003
(4, 48)

Time: 0.000006
(4, 56)

Time: 0.000008
(4, 64)

Time: 0.000004
(4, 72)

Time: 0.000011
(4, 80)

Time: 0.000006
(4, 88)

Time: 0.000007
(4, 96)

Time: 0.000014
(4, 104)

Time: 0.000011
(8, 16)

Time: 0.000009
(8, 24)

Time: 0.000010
(8, 32)

Time: 0.000005
(8, 40)

Time: 0.000012
(8, 48)

Time: 0.000013
(8, 56)

Time: 0.000013
(8, 64)

Time: 0.000013
(8, 72)

Time: 0.000007
(8, 80)

Time: 0.000007
(8, 88)

Time: 0.000007
(8, 96)

Time: 0.000016
(8, 104)

Time: 0.000017
